<svg version="1.1" id="Layer_1" xmlns="http://www.w3.org/2000/svg" xmlns:xlink="http://www.w3.org/1999/xlink" x="0px" y="0px" width="100%" viewBox="0 0 1024 1024" enable-background="new 0 0 1024 1024">
  <path fill="#1E6991" opacity="1.000000" stroke="none" d="
M217.072784,939.857788 
	C211.233902,935.581787 205.018463,931.731995 199.617584,926.960205 
	C166.072021,897.321716 143.862473,860.273926 128.923920,818.426636 
	C120.928619,796.029541 115.317825,773.046936 111.235115,749.699768 
	C109.166763,737.871887 107.689568,725.853455 107.134773,713.866211 
	C105.999039,689.326843 105.078972,664.746704 105.227562,640.190369 
	C105.314102,625.888123 107.061432,611.516235 109.096024,597.323914 
	C112.269958,575.184021 115.449600,552.980469 120.192825,531.144043 
	C128.891174,491.099426 142.017303,452.475677 159.730713,415.396057 
	C173.046463,387.522095 188.747894,361.194092 207.923965,337.026031 
	C215.844971,327.043030 224.832642,317.906342 234.406403,307.185089 
	C235.769455,314.722260 236.895203,320.678436 237.917557,326.652313 
	C240.662155,342.689819 242.875870,358.836121 246.187363,374.754700 
	C252.082092,403.091217 258.804749,431.235321 268.741150,458.512421 
	C277.087311,481.423889 287.056610,503.483765 302.422363,522.639343 
	C306.807343,528.105774 312.251709,532.722351 317.210297,537.728577 
	C317.722137,537.467468 318.233978,537.206360 318.745789,536.945251 
	C318.830780,535.079651 318.979126,533.214478 318.991150,531.348389 
	C319.161163,505.011810 322.440948,479.020386 326.789093,453.069519 
	C335.049530,403.768890 352.302948,357.623291 375.023682,313.407898 
	C391.402313,281.534454 409.023651,250.293427 425.102112,218.273911 
	C437.484497,193.615082 445.735779,167.446716 450.223328,140.023621 
	C453.551453,119.685814 453.645447,99.296196 452.704315,78.968597 
	C451.985016,63.433186 448.640472,48.019524 446.484161,32.548855 
	C446.446136,32.276150 446.664734,31.967678 446.854095,31.408810 
	C466.896576,34.780365 485.379303,42.306438 502.830627,52.590912 
	C523.096191,64.533859 541.096802,79.429199 557.431702,96.185905 
	C584.319031,123.767464 607.221619,154.552277 626.240906,187.984344 
	C639.869873,211.941437 652.810303,236.385406 664.426819,261.370514 
	C683.140930,301.621216 698.674866,343.200012 710.002808,386.173431 
	C718.467896,418.286377 726.379150,450.564453 733.609924,482.975800 
	C737.436646,500.128632 739.278503,517.723816 742.030334,535.117065 
	C742.654419,539.061646 743.336487,542.997070 744.189331,548.123840 
	C778.755249,502.930389 798.136536,453.282166 801.692505,397.475861 
	C802.182129,397.415161 802.671753,397.354431 803.161377,397.293732 
	C809.502258,404.453949 816.144897,411.371765 822.128662,418.819031 
	C841.562073,443.005554 857.700012,469.311005 871.003296,497.308746 
	C889.171387,535.544922 903.229004,575.228821 910.994568,616.924255 
	C914.243530,634.368408 917.329712,651.942688 918.768921,669.598145 
	C920.478760,690.574219 921.463806,711.742004 920.706665,732.752563 
	C919.786987,758.274414 915.638977,783.494507 908.148804,808.103088 
	C900.590637,832.934937 890.034119,856.217041 875.181824,877.552979 
	C856.981934,903.697998 833.912903,924.342957 805.938599,939.539917 
	C804.493103,940.325073 803.070068,941.151611 801.274780,941.633362 
	C801.046143,940.655518 801.114319,939.981873 801.321777,939.354187 
	C813.895996,901.325073 816.287842,862.386475 811.118347,822.919128 
	C802.833069,759.663147 778.244568,703.482605 736.817017,654.860352 
	C730.282104,647.190552 722.964661,640.187439 715.133484,631.955811 
	C714.486450,634.884705 714.135132,636.276367 713.874573,637.684875 
	C711.239685,651.931213 708.932190,666.246643 705.928101,680.414368 
	C700.286011,707.023315 693.183594,733.210144 681.010071,757.727600 
	C675.042480,769.746277 667.840454,780.912842 657.730835,789.940979 
	C656.251038,791.262390 654.466736,792.242859 652.622070,793.520508 
	C652.310303,792.402222 652.153564,792.085510 652.143738,791.764282 
	C652.087708,789.933105 652.049255,788.100952 652.036438,786.268921 
	C651.849670,759.653503 646.947815,733.940125 637.074707,709.220581 
	C626.448181,682.614685 611.831299,658.107239 597.143250,633.632568 
	C584.242188,612.135620 572.056519,590.252075 563.767944,566.466064 
	C558.415039,551.104675 555.322998,535.299866 553.767822,519.056335 
	C552.172302,502.391235 553.416504,485.936737 555.426147,469.485535 
	C556.237366,462.844910 555.933105,462.207428 549.260010,463.657867 
	C529.598755,467.931274 511.796234,476.409882 495.249146,487.632477 
	C461.957214,510.211914 436.497589,540.178345 415.175079,573.825439 
	C375.412018,636.571777 352.660645,705.642273 340.019043,778.389465 
	C338.757233,785.650818 337.573212,792.925781 336.353119,800.194397 
	C335.895233,800.282166 335.437347,800.369873 334.979462,800.457581 
	C310.065338,770.257996 296.286469,735.351135 292.580902,695.444580 
	C290.679749,697.086365 289.427124,697.907959 288.503571,699.006287 
	C280.499878,708.524841 271.850037,717.596619 264.715210,727.732483 
	C233.620972,771.905579 216.624481,821.394287 212.275085,875.007751 
	C210.517670,896.670898 211.488739,918.537842 217.072784,939.857788 
z"></path>
  <path fill="#32D7E6" opacity="1.000000" stroke="none" d="
M217.382385,940.014893 
	C211.488739,918.537842 210.517670,896.670898 212.275085,875.007751 
	C216.624481,821.394287 233.620972,771.905579 264.715210,727.732483 
	C271.850037,717.596619 280.499878,708.524841 288.503571,699.006287 
	C289.427124,697.907959 290.679749,697.086365 292.580902,695.444580 
	C296.286469,735.351135 310.065338,770.257996 334.979462,800.457581 
	C335.437347,800.369873 335.895233,800.282166 336.353119,800.194397 
	C337.573212,792.925781 338.757233,785.650818 340.019043,778.389465 
	C352.660645,705.642273 375.412018,636.571777 415.175079,573.825439 
	C436.497589,540.178345 461.957214,510.211914 495.249146,487.632477 
	C511.796234,476.409882 529.598755,467.931274 549.260010,463.657867 
	C555.933105,462.207428 556.237366,462.844910 555.426147,469.485535 
	C553.416504,485.936737 552.172302,502.391235 553.767822,519.056335 
	C555.322998,535.299866 558.415039,551.104675 563.767944,566.466064 
	C572.056519,590.252075 584.242188,612.135620 597.143250,633.632568 
	C611.831299,658.107239 626.448181,682.614685 637.074707,709.220581 
	C646.947815,733.940125 651.849670,759.653503 652.036438,786.268921 
	C652.049255,788.100952 652.087708,789.933105 652.143738,791.764282 
	C652.153564,792.085510 652.310303,792.402222 652.622070,793.520508 
	C654.466736,792.242859 656.251038,791.262390 657.730835,789.940979 
	C667.840454,780.912842 675.042480,769.746277 681.010071,757.727600 
	C693.183594,733.210144 700.286011,707.023315 705.928101,680.414368 
	C708.932190,666.246643 711.239685,651.931213 713.874573,637.684875 
	C714.135132,636.276367 714.486450,634.884705 715.133484,631.955811 
	C722.964661,640.187439 730.282104,647.190552 736.817017,654.860352 
	C778.244568,703.482605 802.833069,759.663147 811.118347,822.919128 
	C816.287842,862.386475 813.895996,901.325073 801.321777,939.354187 
	C801.114319,939.981873 801.046143,940.655518 800.920776,941.714905 
	C782.071106,949.493713 763.480957,957.680481 744.272522,963.982727 
	C728.507019,969.155396 712.006348,972.087524 695.206177,975.733765 
	C694.434021,973.471252 694.265381,971.489136 694.144043,969.504089 
	C693.413208,957.548645 693.595947,945.455444 691.804993,933.661560 
	C685.730957,893.660950 669.466370,858.164978 642.770935,827.604675 
	C640.645508,825.171387 638.264282,822.961487 635.016846,819.640381 
	C634.177612,823.790405 633.711548,826.485413 633.082764,829.141907 
	C628.369873,849.054138 624.060547,869.076599 618.716675,888.818726 
	C615.796570,899.606506 610.385010,909.530396 602.875916,918.055176 
	C601.557922,919.551453 599.848083,920.702515 597.794373,922.463013 
	C597.356689,920.533081 596.969849,919.601624 596.958618,918.665588 
	C596.590942,888.157532 586.583008,860.555481 571.831177,834.312439 
	C565.382996,822.841248 559.103943,811.260559 553.180176,799.511719 
	C539.854248,773.081909 534.371094,745.209778 538.545654,715.672424 
	C539.276123,710.503906 538.215393,709.630432 533.052856,710.979797 
	C521.948853,713.881958 511.938232,719.090576 502.646149,725.743835 
	C486.581268,737.246521 473.701141,751.807190 462.682190,768.037842 
	C433.370880,811.212708 417.758514,859.588074 409.017426,910.529419 
	C408.102844,915.859375 407.286743,921.206177 406.424927,926.545227 
	C405.932129,926.606689 405.439301,926.668213 404.946472,926.729675 
	C390.319305,907.532654 382.378784,885.587463 380.000031,861.356567 
	C379.193054,860.949036 378.386078,860.541504 377.579071,860.133972 
	C376.721619,861.752441 376.137024,863.608948 374.964874,864.953003 
	C361.659546,880.210266 351.817078,897.534058 344.575409,916.328979 
	C336.306274,937.790833 331.265289,959.951965 331.396301,983.102173 
	C324.248291,981.736023 316.952118,980.889160 309.981903,978.900085 
	C293.410797,974.171082 276.593048,969.906860 260.636719,963.544373 
	C246.900543,958.067200 234.205887,949.970459 221.088074,942.962097 
	C219.820847,942.285034 218.817688,941.113770 217.382385,940.014893 
z"></path>
  <path fill="#73F0FF" opacity="1.000000" stroke="none" d="
M331.786804,983.080444 
	C331.265289,959.951965 336.306274,937.790833 344.575409,916.328979 
	C351.817078,897.534058 361.659546,880.210266 374.964874,864.953003 
	C376.137024,863.608948 376.721619,861.752441 377.579071,860.133972 
	C378.386078,860.541504 379.193054,860.949036 380.000031,861.356567 
	C382.378784,885.587463 390.319305,907.532654 404.946472,926.729675 
	C405.439301,926.668213 405.932129,926.606689 406.424927,926.545227 
	C407.286743,921.206177 408.102844,915.859375 409.017426,910.529419 
	C417.758514,859.588074 433.370880,811.212708 462.682190,768.037842 
	C473.701141,751.807190 486.581268,737.246521 502.646149,725.743835 
	C511.938232,719.090576 521.948853,713.881958 533.052856,710.979797 
	C538.215393,709.630432 539.276123,710.503906 538.545654,715.672424 
	C534.371094,745.209778 539.854248,773.081909 553.180176,799.511719 
	C559.103943,811.260559 565.382996,822.841248 571.831177,834.312439 
	C586.583008,860.555481 596.590942,888.157532 596.958618,918.665588 
	C596.969849,919.601624 597.356689,920.533081 597.794373,922.463013 
	C599.848083,920.702515 601.557922,919.551453 602.875916,918.055176 
	C610.385010,909.530396 615.796570,899.606506 618.716675,888.818726 
	C624.060547,869.076599 628.369873,849.054138 633.082764,829.141907 
	C633.711548,826.485413 634.177612,823.790405 635.016846,819.640381 
	C638.264282,822.961487 640.645508,825.171387 642.770935,827.604675 
	C669.466370,858.164978 685.730957,893.660950 691.804993,933.661560 
	C693.595947,945.455444 693.413208,957.548645 694.144043,969.504089 
	C694.265381,971.489136 694.434021,973.471252 694.784058,975.820923 
	C690.782410,977.455322 686.656677,979.280212 682.358276,979.892090 
	C666.532776,982.144897 650.662842,984.105103 634.784790,985.963135 
	C621.960571,987.463806 609.118774,988.881104 596.251831,989.931580 
	C581.007935,991.176147 565.737061,992.150513 550.462097,992.934265 
	C538.722107,993.536560 526.957397,993.652405 515.204895,994.022644 
	C514.431335,994.046997 513.668030,994.396118 512.186035,994.410278 
	C504.685242,994.163818 497.897125,993.999878 491.111877,994.078857 
	C487.367706,994.122437 483.628265,994.573792 479.886688,994.841309 
	C467.845947,994.560364 455.798859,994.437500 443.766357,993.951965 
	C432.603943,993.501587 421.430573,992.951477 410.309875,991.926331 
	C395.221832,990.535522 380.184113,988.605591 365.115540,986.993408 
	C355.048065,985.916199 344.962646,985.006897 334.891052,983.966736 
	C333.965057,983.871155 333.080902,983.371033 331.786804,983.080444 
z"></path>
  <path fill="#3CAAC4" opacity="1.000000" stroke="none" d="
M480.359253,994.891846 
	C483.628265,994.573792 487.367706,994.122437 491.111877,994.078857 
	C497.897125,993.999878 504.685242,994.163818 511.785278,994.516663 
	C501.676239,994.852173 491.254028,994.897278 480.359253,994.891846 
z"></path>
</svg>